10001 68 73.08
10002 13 39.93
10003 108 84.27
10004 9 35.62
10005 4 29.86
10006 12 43.81
10007 18 45.99
10009 16 43.64
10010 65 70.6
10011 81 79.96
10012 36 60.01
10013 59 70.7
10014 17 46.96
10016 178 100.0
10017 86 78.71
10018 18 47.33
10019 107 84.51
10020 3 26.03
10021 80 76.19
10022 108 86.98
10023 56 67.68
10024 43 61.26
10025 26 51.57
10026 2 21.78
10027 10 37.48
10028 54 67.13
10029 15 40.77
10030 1 16.7
10031 3 25.64
10032 15 40.74
10033 8 33.67
10034 3 24.5
10035 7 31.11
10036 32 55.86
10037 4 24.76
10038 25 52.28
10039 2 21.0
10040 2 19.28
10044 2 24.11
10065 53 66.0
10075 35 58.89
10107 2 21.04
10111 4 28.09
10112 1 16.7
10118 2 21.04
10123 3 21.21
10128 40 61.36
10154 3 24.08
10155 3 27.05
10165 2 21.38
10166 1 18.32
10167 1 15.03
10169 1 17.84
10170 2 21.04
10172 1 16.7
10176 1 16.7
10177 1 16.7
10178 1 17.84
10279 1 16.7
10280 1 18.04
10282 1 17.54
10301 2 23.25
10302 2 26.48
10304 4 27.93
10305 3 26.06
10306 7 32.14
10308 1 16.7
10309 2 20.24
10310 3 24.66
10312 6 31.21
10314 6 29.67
10451 3 24.08
10452 3 24.66
10453 4 26.79
10455 3 24.08
10456 6 30.71
10457 4 25.62
10458 4 26.01
10459 2 21.04
10461 21 47.08
10462 10 36.2
10463 9 34.5
10465 3 24.43
10466 5 28.09
10467 7 32.83
10468 2 21.82
10469 6 30.16
10471 2 20.68
10472 4 25.66
10473 2 19.85
10475 2 21.42
10530 1 16.7
11004 2 17.84
11021 1 20.75
11040 2 21.04
11101 9 35.9
11102 14 38.98
11103 23 50.44
11104 4 26.28
11105 12 42.54
11106 13 41.23
11201 41 59.66
11202 1 16.7
11203 11 35.88
11204 17 44.22
11205 7 33.34
11206 4 23.95
11207 7 31.6
11208 4 24.71
11209 32 55.57
11210 5 28.09
11211 26 55.57
11212 5 28.55
11213 7 32.11
11214 12 38.45
11215 40 63.1
11216 2 21.04
11217 14 43.62
11218 6 30.46
11219 15 40.89
11220 16 42.24
11221 5 28.4
11222 12 38.73
11223 11 38.83
11224 2 21.85
11225 2 23.65
11226 9 36.98
11228 5 30.63
11229 26 50.14
11230 12 40.17
11231 9 39.52
11232 5 28.17
11233 1 16.7
11234 11 38.28
11235 25 49.46
11236 8 32.76
11237 4 26.01
11238 13 41.46
11241 1 17.84
11242 2 23.62
11249 8 35.84
11354 31 55.09
11355 27 51.8
11356 4 26.51
11357 6 30.97
11358 9 37.49
11360 6 32.48
11361 16 43.33
11362 4 26.26
11364 6 31.51
11365 3 21.04
11366 3 25.59
11367 6 33.6
11368 5 30.76
11369 1 19.89
11372 20 46.11
11373 21 48.74
11374 12 38.76
11375 40 59.79
11377 6 30.59
11378 2 20.72
11379 2 21.72
11385 15 42.66
11412 1 16.7
11414 4 26.66
11415 5 28.5
11418 4 25.52
11419 3 22.78
11420 2 19.57
11421 1 15.37
11422 2 21.04
11423 4 27.79
11426 1 16.7
11427 1 16.7
11428 1 16.7
11432 5 28.89
11433 1 16.7
11434 3 24.08
11435 5 28.48
11691 5 28.55
11692 2 20.24
11694 1 18.64
11704 1 17.84
11791 1 16.7