10001 68 3.81 583
10002 13 3.71 85
10003 108 3.66 1153
10004 9 3.26 77
10005 4 4.73 31
10006 12 4.38 199
10007 18 3.13 395
10009 16 3.72 67
10010 65 3.59 667
10011 81 4.05 1577
10012 36 3.66 825
10013 59 3.93 999
10014 17 3.9 227
10016 178 3.61 2130
10017 86 3.88 806
10018 18 3.97 172
10019 107 3.68 1141
10020 3 4.17 23
10021 80 3.97 665
10022 108 4.01 1100
10023 56 3.91 576
10024 43 3.9 363
10025 26 4.03 159
10026 2 5.0 1
10027 10 3.15 80
10028 54 3.82 576
10029 15 2.88 121
10030 1 0.0 0
10031 3 4.18 11
10032 15 2.54 104
10033 8 3.33 50
10034 3 3.06 9
10035 7 1.75 12
10036 32 3.62 310
10037 4 2.0 27
10038 25 3.62 384
10039 2 3.13 4
10040 2 1.33 3
10044 2 4.44 33
10065 53 3.23 684
10075 35 3.88 308
10107 2 0.0 0
10111 4 4.13 12
10112 1 3.0 67
10118 2 0.0 0
10123 3 1.59 23
10128 40 4.27 218
10154 3 0.0 0
10155 3 4.15 39
10165 2 3.5 3
10166 1 5.0 2
10167 1 2.0 6
10169 1 5.0 1
10170 2 3.0 12
10172 1 0.0 0
10176 1 0.0 0
10177 1 0.0 0
10178 1 5.0 1
10279 1 3.0 9
10280 1 3.5 21
10282 1 3.5 8
10301 2 4.56 9
10302 2 4.0 318
10304 4 4.06 18
10305 3 3.93 28
10306 7 3.56 8
10308 1 0.0 0
10309 2 1.0 1
10310 3 5.0 1
10312 6 4.5 10
10314 6 2.0 12
10451 3 0.0 0
10452 3 5.0 1
10453 4 3.0 4
10455 3 0.0 0
10456 6 5.0 1
10457 4 1.0 3
10458 4 1.0 1
10459 2 3.0 2
10461 21 3.37 78
10462 10 3.28 18
10463 9 2.48 29
10465 3 3.04 12
10466 5 1.5 2
10467 7 3.77 15
10468 2 3.5 17
10469 6 2.88 8
10471 2 2.7 5
10472 4 1.5 5
10473 2 1.0 2
10475 2 4.0 1
10530 1 0.0 0
11004 2 1.46 12
11021 1 5.0 17
11040 2 3.0 2
11101 9 3.9 25
11102 14 2.26 140
11103 23 3.98 327
11104 4 2.83 9
11105 12 3.89 406
11106 13 3.6 167
11201 41 3.34 447
11202 1 0.0 0
11203 11 2.02 43
11204 17 3.71 38
11205 7 4.34 82
11206 4 1.54 89
11207 7 2.6 5
11208 4 1.63 8
11209 32 3.74 162
11210 5 2.5 9
11211 26 4.39 352
11212 5 3.0 1
11213 7 2.57 14
11214 12 3.52 100
11215 40 3.85 944
11216 2 0.0 0
11217 14 3.97 189
11218 6 3.22 18
11219 15 2.75 75
11220 16 2.88 121
11221 5 2.5 2
11222 12 2.98 133
11223 11 4.72 16
11224 2 4.5 2
11225 2 4.08 24
11226 9 4.51 43
11228 5 4.25 22
11229 26 3.18 85
11230 12 4.24 38
11231 9 4.63 124
11232 5 2.4 5
11233 1 0.0 0
11234 11 4.24 47
11235 25 3.09 61
11236 8 2.5 8
11237 4 2.85 92
11238 13 3.59 134
11241 1 5.0 1
11242 2 4.65 10
11249 8 3.48 123
11354 31 4.2 122
11355 27 3.73 231
11356 4 3.0 45
11357 6 3.35 26
11358 9 3.91 106
11360 6 4.0 30
11361 16 3.3 82
11362 4 2.5 4
11364 6 5.0 6
11365 3 1.5 36
11366 3 4.44 8
11367 6 4.95 20
11368 5 4.2 144
11369 1 4.0 38
11372 20 3.5 103
11373 21 3.4 235
11374 12 3.04 45
11375 40 3.71 325
11377 6 3.38 13
11378 2 2.33 3
11379 2 4.0 3
11385 15 3.72 48
11412 1 0.0 0
11414 4 2.94 34
11415 5 2.57 14
11418 4 1.72 16
11419 3 1.33 3
11420 2 1.0 3
11421 1 1.0 1
11422 2 0.0 0
11423 4 5.0 4
11426 1 0.0 0
11427 1 0.0 0
11428 1 0.0 0
11432 5 3.86 7
11433 1 3.0 1
11434 3 0.0 0
11435 5 2.86 14
11691 5 0.0 0
11692 2 1.0 1
11694 1 5.0 3
11704 1 5.0 1
11791 1 3.0 27