10001 68 83.82
10002 13 13.67
10003 108 128.53
10004 9 9.71
10005 4 5.72
10006 12 18.06
10007 18 20.89
10009 16 17.85
10010 65 75.58
10011 81 109.8
10012 36 46.42
10013 59 75.9
10014 17 22.25
10016 178 214.79
10017 86 104.74
10018 18 22.77
10019 107 129.63
10020 3 3.79
10021 80 95.0
10022 108 141.34
10023 56 66.58
10024 43 49.38
10025 26 29.46
10026 2 2.22
10027 10 11.31
10028 54 64.97
10029 15 14.56
10030 1 1.0
10031 3 3.62
10032 15 14.52
10033 8 8.2
10034 3 3.16
10035 7 6.47
10036 32 37.44
10037 4 3.26
10038 25 30.7
10039 2 1.99
10040 2 1.54
10044 2 3.01
10065 53 61.76
10075 35 43.87
10107 2 2.0
10111 4 4.76
10112 1 1.0
10118 2 2.0
10123 3 2.05
10128 40 49.61
10154 3 3.0
10155 3 4.25
10165 2 2.1
10166 1 1.32
10167 1 0.73
10169 1 1.22
10170 2 2.0
10172 1 1.0
10176 1 1.0
10177 1 1.0
10178 1 1.22
10279 1 1.0
10280 1 1.26
10282 1 1.16
10301 2 2.7
10302 2 3.99
10304 4 4.68
10305 3 3.8
10306 7 7.13
10308 1 1.0
10309 2 1.78
10310 3 3.22
10312 6 6.53
10314 6 5.61
10451 3 3.0
10452 3 3.22
10453 4 4.13
10455 3 3.0
10456 6 6.22
10457 4 3.61
10458 4 3.78
10459 2 2.0
10461 21 22.41
10462 10 10.19
10463 9 8.82
10465 3 3.13
10466 5 4.76
10467 7 7.6
10468 2 2.23
10469 6 5.89
10471 2 1.9
10472 4 3.63
10473 2 1.68
10475 2 2.11
10530 1 1.0
11004 2 1.22
11021 1 1.92
11040 2 2.0
11101 9 9.94
11102 14 12.72
11103 23 27.56
11104 4 3.9
11105 12 16.54
11106 13 15.05
11201 41 45.6
11202 1 1.0
11203 11 9.92
11204 17 18.57
11205 7 7.96
11206 4 2.95
11207 7 6.78
11208 4 3.24
11209 32 36.86
11210 5 4.76
11211 26 36.86
11212 5 5.0
11213 7 7.11
11214 12 12.21
11215 40 53.96
11216 2 2.0
11217 14 17.83
11218 6 6.07
11219 15 14.68
11220 16 16.19
11221 5 4.92
11222 12 12.48
11223 11 12.58
11224 2 2.24
11225 2 2.84
11226 9 10.86
11228 5 6.17
11229 26 27.07
11230 12 13.92
11231 9 13.26
11232 5 4.8
11233 1 1.0
11234 11 12.05
11235 25 25.99
11236 8 7.55
11237 4 3.78
11238 13 15.31
11241 1 1.22
11242 2 2.83
11249 8 9.89
11354 31 35.91
11355 27 29.85
11356 4 4.0
11357 6 6.38
11358 9 11.32
11360 6 7.36
11361 16 17.47
11362 4 3.89
11364 6 6.72
11365 3 2.0
11366 3 3.6
11367 6 8.15
11368 5 6.25
11369 1 1.69
11372 20 21.06
11373 21 24.87
11374 12 12.51
11375 40 45.9
11377 6 6.15
11378 2 1.91
11379 2 2.2
11385 15 16.67
11412 1 1.0
11414 4 4.07
11415 5 4.97
11418 4 3.57
11419 3 2.54
11420 2 1.61
11421 1 0.78
11422 2 2.0
11423 4 4.61
11426 1 1.0
11427 1 1.0
11428 1 1.0
11432 5 5.18
11433 1 1.0
11434 3 3.0
11435 5 4.96
11691 5 5.0
11692 2 1.78
11694 1 1.39
11704 1 1.22
11791 1 1.0