10001 9 3.28 16
10002 14 3.91 35
10003 7 4.55 11
10004 2 0.0 0
10005 1 0.0 0
10007 6 5.0 2
10009 8 4.38 8
10010 10 3.57 21
10011 14 3.83 23
10012 1 0.0 0
10013 14 3.62 13
10014 10 5.0 3
10016 11 3.98 20
10017 6 5.0 3
10019 4 4.56 9
10021 13 4.2 5
10022 9 4.43 7
10023 20 4.24 25
10024 24 4.38 29
10025 17 4.77 31
10026 5 1.0 1
10027 8 4.0 1
10028 14 3.97 17
10029 11 5.0 6
10030 2 4.0 1
10031 3 0.0 0
10032 7 3.81 8
10033 6 4.75 4
10034 5 5.0 7
10035 2 1.0 1
10036 3 3.5 3
10037 1 0.0 0
10038 4 5.0 2
10039 3 0.0 0
10040 1 0.0 0
10065 5 3.08 13
10069 1 0.0 0
10075 2 5.0 2
10128 11 3.23 13
10280 4 3.5 2
10281 1 0.0 0
10301 2 0.0 0
10302 1 0.0 0
10303 2 0.0 0
10304 5 5.0 2
10305 3 5.0 1
10306 5 4.17 6
10307 1 0.0 0
10308 2 0.0 0
10309 6 4.56 9
10310 4 5.0 1
10312 5 0.0 0
10314 9 3.67 6
10451 2 4.5 3
10452 2 0.0 0
10454 1 0.0 0
10455 2 0.0 0
10456 1 0.0 0
10457 4 0.0 0
10458 2 0.0 0
10459 3 5.0 1
10460 6 4.0 3
10461 3 0.0 0
10462 5 5.0 2
10463 7 4.17 6
10465 6 5.0 2
10466 4 5.0 1
10467 6 0.0 0
10468 4 5.0 1
10469 2 0.0 0
10471 3 2.5 2
10472 1 3.0 1
10473 1 0.0 0
10475 1 2.5 2
11101 10 3.74 25
11102 1 5.0 1
11103 4 4.5 2
11104 2 4.0 11
11105 2 4.63 8
11106 8 4.0 4
11109 2 3.93 7
11201 14 4.5 30
11203 3 3.0 1
11204 3 5.0 2
11205 3 4.29 7
11206 3 5.0 3
11207 4 0.0 0
11208 1 0.0 0
11209 7 3.75 8
11210 5 5.0 2
11211 10 4.88 12
11212 6 0.0 0
11213 5 5.0 2
11214 8 4.2 5
11215 32 4.35 68
11216 2 5.0 4
11217 8 4.42 18
11218 5 4.19 8
11219 6 5.0 1
11220 5 4.67 12
11221 9 4.75 4
11222 6 4.03 32
11223 3 3.06 8
11224 1 0.0 0
11225 8 3.99 117
11226 10 5.0 1
11228 4 5.0 6
11229 4 4.0 16
11230 4 5.0 2
11231 8 5.0 22
11232 1 0.0 0
11233 1 0.0 0
11234 6 3.67 3
11235 5 2.0 3
11236 2 0.0 0
11238 13 4.15 13
11239 1 0.0 0
11249 4 4.6 5
11354 4 3.2 5
11355 9 2.67 3
11356 2 0.0 0
11357 10 3.58 12
11358 4 2.67 3
11360 2 3.71 7
11361 6 4.67 12
11362 3 4.0 7
11364 3 5.0 5
11365 5 5.0 8
11366 7 4.05 19
11367 2 4.5 2
11368 2 4.0 130
11369 6 4.33 6
11370 1 0.0 0
11372 4 5.0 3
11373 6 2.93 7
11374 5 4.21 7
11375 19 3.75 50
11377 7 3.25 4
11379 7 2.83 6
11385 2 0.0 0
11411 3 0.0 0
11412 6 5.0 1
11413 3 3.5 3
11414 3 0.0 0
11416 4 1.0 1
11417 3 1.0 1
11418 4 0.0 0
11419 1 0.0 0
11420 1 0.0 0
11421 2 0.0 0
11422 3 2.5 2
11426 3 3.63 12
11427 2 4.0 1
11429 3 5.0 1
11432 7 2.5 2
11434 4 5.0 1
11435 6 5.0 6
11436 1 0.0 0
11691 2 0.0 0
11694 2 0.0 0