10001 9 63.48
10002 14 76.06
10003 7 60.19
10004 2 37.96
10005 1 30.13
10007 6 56.09
10009 8 62.26
10010 10 66.15
10011 14 74.46
10012 1 30.13
10013 14 73.73
10014 10 66.34
10016 11 68.95
10017 6 56.35
10019 4 50.47
10021 13 71.82
10022 9 63.41
10023 20 84.33
10024 24 90.3
10025 17 81.82
10026 5 50.76
10027 8 60.54
10028 14 75.23
10029 11 69.14
10030 2 38.65
10031 3 43.46
10032 7 58.8
10033 6 56.75
10034 5 53.48
10035 2 36.52
10036 3 43.94
10037 1 30.13
10038 4 49.56
10039 3 43.46
10040 1 30.13
10065 5 51.63
10069 1 30.13
10075 2 40.62
10128 11 67.42
10280 4 48.27
10281 1 30.13
10301 2 37.96
10302 1 30.13
10303 2 37.96
10304 5 52.6
10305 3 44.5
10306 5 53.09
10307 1 30.13
10308 2 37.96
10309 6 57.86
10310 4 48.69
10312 5 51.53
10314 9 63.34
10451 2 39.72
10452 2 37.96
10454 1 30.13
10455 2 37.96
10456 1 30.13
10457 4 47.83
10458 2 37.96
10459 3 44.5
10460 6 55.77
10461 3 43.46
10462 5 52.6
10463 7 59.14
10465 6 56.09
10466 4 48.69
10467 6 54.75
10468 4 48.69
10469 2 37.96
10471 3 43.07
10472 1 30.13
10473 1 30.13
10475 1 29.31
11101 10 67.12
11102 1 32.2
11103 4 49.15
11104 2 41.01
11105 2 42.11
11106 8 61.13
11109 2 40.57
11201 14 76.56
11203 3 43.46
11204 3 44.95
11205 3 46.05
11206 3 45.27
11207 4 47.83
11208 1 30.13
11209 7 58.67
11210 5 53.03
11211 10 68.15
11212 6 54.75
11213 5 53.03
11214 8 61.9
11215 32 100.0
11216 2 40.62
11217 8 63.89
11218 5 53.7
11219 6 55.42
11220 5 54.69
11221 9 63.82
11222 6 57.83
11223 3 44.08
11224 1 30.13
11225 8 63.95
11226 10 65.39
11228 4 51.28
11229 4 49.56
11230 4 49.56
11231 8 65.16
11232 1 30.13
11233 1 30.13
11234 6 55.03
11235 5 50.47
11236 2 37.96
11238 13 72.76
11239 1 30.13
11249 4 49.56
11354 4 48.15
11355 9 62.42
11356 2 37.96
11357 10 66.3
11358 4 47.79
11360 2 40.12
11361 6 58.9
11362 3 44.36
11364 3 46.48
11365 5 54.88
11366 7 60.81
11367 2 39.43
11368 2 44.73
11369 6 56.72
11370 1 30.13
11372 4 49.89
11373 6 54.69
11374 5 53.22
11375 19 82.87
11377 7 57.78
11379 7 57.42
11385 2 37.96
11411 3 43.46
11412 6 55.42
11413 3 43.94
11414 3 43.46
11416 4 46.94
11417 3 42.37
11418 4 47.83
11419 1 30.13
11420 1 30.13
11421 2 37.96
11422 3 43.07
11426 3 45.35
11427 2 38.65
11429 3 44.5
11432 7 57.34
11434 4 48.69
11435 6 57.0
11436 1 30.13
11691 2 37.96
11694 2 37.96