10001 68 0.83
10002 13 0.58
10003 108 0.9
10004 9 0.54
10005 4 0.48
10006 12 0.61
10007 18 0.63
10009 16 0.61
10010 65 0.81
10011 81 0.87
10012 36 0.74
10013 59 0.81
10014 17 0.64
10016 178 1.0
10017 86 0.87
10018 18 0.64
10019 107 0.9
10020 3 0.45
10021 80 0.85
10022 108 0.92
10023 56 0.79
10024 43 0.75
10025 26 0.67
10026 2 0.4
10027 10 0.55
10028 54 0.79
10029 15 0.58
10030 1 0.34
10031 3 0.44
10032 15 0.58
10033 8 0.52
10034 3 0.43
10035 7 0.5
10036 32 0.71
10037 4 0.43
10038 25 0.68
10039 2 0.39
10040 2 0.37
10044 2 0.43
10065 53 0.78
10075 35 0.73
10107 2 0.39
10111 4 0.47
10112 1 0.34
10118 2 0.39
10123 3 0.39
10128 40 0.75
10154 3 0.43
10155 3 0.46
10165 2 0.4
10166 1 0.36
10167 1 0.32
10169 1 0.36
10170 2 0.39
10172 1 0.34
10176 1 0.34
10177 1 0.34
10178 1 0.36
10279 1 0.34
10280 1 0.36
10282 1 0.35
10301 2 0.42
10302 2 0.45
10304 4 0.47
10305 3 0.45
10306 7 0.51
10308 1 0.34
10309 2 0.38
10310 3 0.43
10312 6 0.5
10314 6 0.48
10451 3 0.43
10452 3 0.43
10453 4 0.45
10455 3 0.43
10456 6 0.49
10457 4 0.44
10458 4 0.45
10459 2 0.39
10461 21 0.64
10462 10 0.54
10463 9 0.53
10465 3 0.43
10466 5 0.47
10467 7 0.51
10468 2 0.4
10469 6 0.49
10471 2 0.39
10472 4 0.44
10473 2 0.38
10475 2 0.4
10530 1 0.34
11004 2 0.36
11021 1 0.39
11040 2 0.39
11101 9 0.54
11102 14 0.57
11103 23 0.66
11104 4 0.45
11105 12 0.6
11106 13 0.59
11201 41 0.73
11202 1 0.34
11203 11 0.54
11204 17 0.61
11205 7 0.52
11206 4 0.42
11207 7 0.5
11208 4 0.43
11209 32 0.7
11210 5 0.47
11211 26 0.7
11212 5 0.47
11213 7 0.51
11214 12 0.56
11215 40 0.76
11216 2 0.39
11217 14 0.61
11218 6 0.49
11219 15 0.58
11220 16 0.6
11221 5 0.47
11222 12 0.57
11223 11 0.57
11224 2 0.4
11225 2 0.42
11226 9 0.55
11228 5 0.49
11229 26 0.66
11230 12 0.58
11231 9 0.57
11232 5 0.47
11233 1 0.34
11234 11 0.56
11235 25 0.66
11236 8 0.51
11237 4 0.45
11238 13 0.59
11241 1 0.36
11242 2 0.42
11249 8 0.54
11354 31 0.7
11355 27 0.67
11356 4 0.45
11357 6 0.49
11358 9 0.56
11360 6 0.51
11361 16 0.61
11362 4 0.45
11364 6 0.5
11365 3 0.39
11366 3 0.44
11367 6 0.52
11368 5 0.49
11369 1 0.38
11372 20 0.63
11373 21 0.65
11374 12 0.57
11375 40 0.73
11377 6 0.49
11378 2 0.39
11379 2 0.4
11385 15 0.6
11412 1 0.34
11414 4 0.45
11415 5 0.47
11418 4 0.44
11419 3 0.41
11420 2 0.38
11421 1 0.33
11422 2 0.39
11423 4 0.46
11426 1 0.34
11427 1 0.34
11428 1 0.34
11432 5 0.47
11433 1 0.34
11434 3 0.43
11435 5 0.47
11691 5 0.47
11692 2 0.38
11694 1 0.36
11704 1 0.36
11791 1 0.34