10001 9 0.76
10002 14 0.85
10003 7 0.74
10004 2 0.56
10005 1 0.49
10007 6 0.71
10009 8 0.75
10010 10 0.78
10011 14 0.84
10012 1 0.49
10013 14 0.83
10014 10 0.78
10016 11 0.8
10017 6 0.71
10019 4 0.66
10021 13 0.82
10022 9 0.76
10023 20 0.9
10024 24 0.94
10025 17 0.89
10026 5 0.67
10027 8 0.74
10028 14 0.84
10029 11 0.8
10030 2 0.57
10031 3 0.61
10032 7 0.73
10033 6 0.71
10034 5 0.69
10035 2 0.55
10036 3 0.61
10037 1 0.49
10038 4 0.66
10039 3 0.61
10040 1 0.49
10065 5 0.67
10069 1 0.49
10075 2 0.58
10128 11 0.79
10280 4 0.65
10281 1 0.49
10301 2 0.56
10302 1 0.49
10303 2 0.56
10304 5 0.68
10305 3 0.62
10306 5 0.68
10307 1 0.49
10308 2 0.56
10309 6 0.72
10310 4 0.65
10312 5 0.67
10314 9 0.76
10451 2 0.57
10452 2 0.56
10454 1 0.49
10455 2 0.56
10456 1 0.49
10457 4 0.64
10458 2 0.56
10459 3 0.62
10460 6 0.7
10461 3 0.61
10462 5 0.68
10463 7 0.73
10465 6 0.71
10466 4 0.65
10467 6 0.7
10468 4 0.65
10469 2 0.56
10471 3 0.6
10472 1 0.49
10473 1 0.49
10475 1 0.48
11101 10 0.79
11102 1 0.51
11103 4 0.65
11104 2 0.59
11105 2 0.6
11106 8 0.74
11109 2 0.58
11201 14 0.85
11203 3 0.61
11204 3 0.62
11205 3 0.63
11206 3 0.62
11207 4 0.64
11208 1 0.49
11209 7 0.73
11210 5 0.68
11211 10 0.79
11212 6 0.7
11213 5 0.68
11214 8 0.75
11215 32 1.0
11216 2 0.58
11217 8 0.76
11218 5 0.69
11219 6 0.7
11220 5 0.7
11221 9 0.76
11222 6 0.72
11223 3 0.61
11224 1 0.49
11225 8 0.76
11226 10 0.78
11228 4 0.67
11229 4 0.66
11230 4 0.66
11231 8 0.77
11232 1 0.49
11233 1 0.49
11234 6 0.7
11235 5 0.66
11236 2 0.56
11238 13 0.83
11239 1 0.49
11249 4 0.66
11354 4 0.64
11355 9 0.75
11356 2 0.56
11357 10 0.78
11358 4 0.64
11360 2 0.58
11361 6 0.73
11362 3 0.61
11364 3 0.63
11365 5 0.7
11366 7 0.74
11367 2 0.57
11368 2 0.62
11369 6 0.71
11370 1 0.49
11372 4 0.66
11373 6 0.7
11374 5 0.68
11375 19 0.89
11377 7 0.72
11379 7 0.72
11385 2 0.56
11411 3 0.61
11412 6 0.7
11413 3 0.61
11414 3 0.61
11416 4 0.64
11417 3 0.6
11418 4 0.64
11419 1 0.49
11420 1 0.49
11421 2 0.56
11422 3 0.6
11426 3 0.62
11427 2 0.57
11429 3 0.62
11432 7 0.72
11434 4 0.65
11435 6 0.71
11436 1 0.49
11691 2 0.56
11694 2 0.56