10001 54 66
10002 54 76
10003 45 62
10004 52 75
10005 56 83
10006 54 84
10007 47 74
10009 63 84
10010 47 69
10011 48 60
10012 48 72
10013 42 67
10014 48 66
10016 46 67
10017 42 59
10018 55 73
10019 53 73
10020 44 73
10021 39 59
10022 36 52
10023 43 59
10024 44 65
10025 52 69
10026 81 78
10027 78 81
10028 41 64
10029 83 89
10030 91 85
10031 76 84
10032 72 86
10033 66 82
10034 74 87
10035 90 87
10036 60 79
10037 89 90
10038 51 68
10039 92 88
10040 73 87
10044 61 89
10065 41 64
10069 53 80
10075 40 57
10103 42 88
10110 40 84
10111 36 77
10112 36 77
10115 45 90
10119 45 90
10128 46 66
10152 40 90
10153 49 95
10154 40 90
10162 59 96
10165 24 40
10167 42 89
10168 35 78
10169 43 88
10170 38 74
10171 42 89
10172 42 89
10173 58 71
10174 49 79
10177 35 78
10199 75 86
10271 47 92
10278 43 93
10279 47 95
10280 47 65
10282 59 94
10301 56 57
10302 50 49
10303 61 51
10304 58 54
10305 36 41
10306 29 34
10307 29 35
10308 23 26
10309 26 29
10310 51 48
10311 29 28
10312 22 25
10314 29 33
10451 91 85
10452 94 93
10453 98 92
10454 98 92
10455 94 91
10456 98 91
10457 98 92
10458 94 92
10459 97 90
10460 97 91
10461 58 67
10462 72 76
10463 65 70
10464 41 46
10465 49 48
10466 77 69
10467 87 87
10468 90 90
10469 63 57
10470 61 65
10471 41 47
10472 85 84
10473 79 75
10474 97 89
10475 55 50
11004 21 25
11005 22 24
11101 67 77
11102 55 78
11103 48 76
11104 47 74
11105 42 67
11106 54 76
11109 46 78
11201 50 58
11203 62 61
11204 38 62
11205 67 70
11206 78 86
11207 88 78
11208 81 76
11209 42 62
11210 52 59
11211 53 76
11212 93 87
11213 80 81
11214 42 64
11215 45 60
11216 82 80
11217 58 68
11218 45 64
11219 39 68
11220 52 70
11221 85 79
11222 47 72
11223 42 62
11224 58 68
11225 72 82
11226 78 85
11228 34 48
11229 39 54
11230 40 64
11231 62 74
11232 62 73
11233 93 82
11234 40 39
11235 38 56
11236 63 57
11237 78 87
11238 63 70
11239 84 92
11351 45 54
11354 37 55
11355 39 60
11356 42 52
11357 22 26
11358 29 41
11359 40 72
11360 25 30
11361 32 42
11362 19 20
11363 24 31
11364 24 28
11365 36 53
11366 22 28
11367 42 53
11368 63 76
11369 53 52
11370 41 53
11371 45 54
11372 47 60
11373 47 67
11374 36 53
11375 33 48
11377 46 64
11378 39 49
11379 33 44
11385 54 69
11411 33 20
11412 50 33
11413 49 35
11414 27 28
11415 43 58
11416 54 61
11417 42 47
11418 50 59
11419 42 49
11420 41 39
11421 49 52
11422 50 39
11423 43 43
11424 45 54
11425 61 44
11426 26 28
11427 34 38
11428 32 32
11429 45 35
11430 27 23
11432 43 56
11433 71 59
11434 63 54
11435 52 61
11436 55 39
11451 36 78
11691 78 77
11692 88 74
11693 61 56
11694 42 50
11697 22 21
