10001	60
10002	65
10003	53
10004	63
10005	69
10006	69
10007	60
10009	73
10010	58
10011	54
10012	60
10013	54
10014	57
10016	56
10017	50
10018	64
10019	63
10020	58
10021	49
10022	44
10023	51
10024	54
10025	60
10026	79
10027	79
10028	52
10029	86
10030	88
10031	80
10032	79
10033	74
10034	80
10035	88
10036	69
10037	89
10038	59
10039	90
10040	80
10044	75
10065	52
10069	66
10075	48
10103	65
10110	62
10111	56
10112	56
10115	67
10119	67
10128	56
10152	65
10153	72
10154	65
10162	77
10165	32
10167	65
10168	56
10169	65
10170	56
10171	65
10172	65
10173	64
10174	64
10177	56
10199	80
10271	69
10278	68
10279	71
10280	56
10282	76
10301	56
10302	49
10303	56
10304	56
10305	38
10306	31
10307	32
10308	24
10309	27
10310	49
10311	28
10312	23
10314	31
10451	88
10452	93
10453	95
10454	95
10455	92
10456	94
10457	95
10458	93
10459	93
10460	94
10461	62
10462	74
10463	67
10464	43
10465	48
10466	73
10467	87
10468	90
10469	60
10470	63
10471	44
10472	84
10473	77
10474	93
10475	52
11004	23
11005	23
11101	72
11102	66
11103	62
11104	60
11105	54
11106	65
11109	62
11201	54
11203	61
11204	50
11205	68
11206	82
11207	83
11208	78
11209	52
11210	55
11211	64
11212	90
11213	80
11214	53
11215	52
11216	81
11217	63
11218	54
11219	53
11220	61
11221	82
11222	59
11223	52
11224	63
11225	77
11226	81
11228	41
11229	46
11230	52
11231	68
11232	67
11233	87
11234	39
11235	47
11236	60
11237	82
11238	66
11239	88
11351	49
11354	46
11355	49
11356	47
11357	24
11358	35
11359	56
11360	27
11361	37
11362	19
11363	27
11364	26
11365	44
11366	25
11367	47
11368	69
11369	52
11370	47
11371	49
11372	53
11373	57
11374	44
11375	40
11377	55
11378	44
11379	38
11385	61
11411	26
11412	41
11413	42
11414	27
11415	50
11416	57
11417	44
11418	54
11419	45
11420	40
11421	50
11422	44
11423	43
11424	49
11425	52
11426	27
11427	36
11428	32
11429	40
11430	25
11432	49
11433	65
11434	58
11435	56
11436	47
11451	57
11691	77
11692	81
11693	58
11694	46
11697	21
